2
67 5 100 1 11 97 98 10 1 110 
15 72 10 101 47 67 88 20 94 6 22 11

4
61 11 93 4 73 39 78 34 17 104
23 43 11 93 65 52 20 96 66 31 86 24 40 61 102 13 50 51
73 43 28 73 8 89 31 68 77 27 24 77 42 72 15 24 64 51
25 75 7 90 10 111 17 16

2
7 80 1 100 8 100 90 9 110 1 100 9 100 1
2 70 1 110 100 7 5 100 1 100 110 5 22 11

4
60 7 100 11 100 9 2 110  110 7 16 100 86 15 77 37
3 80 9 90 100 5 1 100 100 10 9 90 100 1 
100 5 110 5 
64 6 100 17 10 100 22 11

5
25 46 16 95 95 16 75 28 23 85 95 6
17 88 40 75
55 42 
75 43 45 56 57 57 44 54
58 52 78 33 69 50 45 1
